0.0	0.0	0.000402982067298
0.0	2.02	0.000805964134596
0.0	4.04	0.000201491033649
0.0	6.06	0.00100745516825
0.0	8.08	0.000604473100947
0.0	10.1	0.0
0.0	12.12	0.000604473100947
0.0	14.14	0.000604473100947
0.0	16.16	0.0
0.0	18.18	0.00100745516825
0.0	20.2	0.000805964134596
0.0	22.22	0.0
0.0	24.24	0.000201491033649
0.0	26.26	0.000402982067298
0.0	28.28	0.000201491033649
0.0	30.3	0.000604473100947
0.0	32.32	0.000201491033649
0.0	34.34	0.0
0.0	36.36	0.000604473100947
0.0	38.38	0.000604473100947
0.0	40.4	0.000201491033649
0.0	42.42	0.00100745516825
0.0	44.44	0.000201491033649
0.0	46.46	0.000604473100947
0.0	48.48	0.000201491033649
0.0	50.5	0.000402982067298
0.0	52.52	0.000402982067298
0.0	54.54	0.000201491033649
0.0	56.56	0.000201491033649
0.0	58.58	0.0
0.0	60.6	0.000402982067298
0.0	62.62	0.000402982067298
0.0	64.64	0.0
0.0	66.66	0.000604473100947
0.0	68.68	0.000402982067298
0.0	70.7	0.000604473100947
0.0	72.72	0.000402982067298
0.0	74.74	0.000201491033649
0.0	76.76	0.00100745516825
0.0	78.78	0.000604473100947
0.0	80.8	0.00100745516825
0.0	82.82	0.000402982067298
0.0	84.84	0.0
0.0	86.86	0.000201491033649
0.0	88.88	0.000402982067298
0.0	90.9	0.000201491033649
0.0	92.92	0.000402982067298
0.0	94.94	0.000604473100947
0.0	96.96	0.0
0.0	98.98	0.000402982067298
2.02	0.0	0.000402982067298
2.02	2.02	0.000402982067298
2.02	4.04	0.000402982067298
2.02	6.06	0.0
2.02	8.08	0.000402982067298
2.02	10.1	0.00100745516825
2.02	12.12	0.000402982067298
2.02	14.14	0.000402982067298
2.02	16.16	0.000604473100947
2.02	18.18	0.000604473100947
2.02	20.2	0.000805964134596
2.02	22.22	0.000402982067298
2.02	24.24	0.0
2.02	26.26	0.0
2.02	28.28	0.000201491033649
2.02	30.3	0.000402982067298
2.02	32.32	0.000402982067298
2.02	34.34	0.000402982067298
2.02	36.36	0.000604473100947
2.02	38.38	0.000604473100947
2.02	40.4	0.000402982067298
2.02	42.42	0.000201491033649
2.02	44.44	0.000604473100947
2.02	46.46	0.000201491033649
2.02	48.48	0.000201491033649
2.02	50.5	0.000201491033649
2.02	52.52	0.000604473100947
2.02	54.54	0.000805964134596
2.02	56.56	0.00100745516825
2.02	58.58	0.000604473100947
2.02	60.6	0.000805964134596
2.02	62.62	0.000201491033649
2.02	64.64	0.000604473100947
2.02	66.66	0.000201491033649
2.02	68.68	0.000201491033649
2.02	70.7	0.0
2.02	72.72	0.000402982067298
2.02	74.74	0.000604473100947
2.02	76.76	0.000201491033649
2.02	78.78	0.000604473100947
2.02	80.8	0.000201491033649
2.02	82.82	0.000604473100947
2.02	84.84	0.000201491033649
2.02	86.86	0.000402982067298
2.02	88.88	0.000604473100947
2.02	90.9	0.000805964134596
2.02	92.92	0.000402982067298
2.02	94.94	0.000402982067298
2.02	96.96	0.000402982067298
2.02	98.98	0.000201491033649
4.04	0.0	0.000402982067298
4.04	2.02	0.000201491033649
4.04	4.04	0.000402982067298
4.04	6.06	0.000805964134596
4.04	8.08	0.000201491033649
4.04	10.1	0.000201491033649
4.04	12.12	0.000805964134596
4.04	14.14	0.000402982067298
4.04	16.16	0.000604473100947
4.04	18.18	0.00100745516825
4.04	20.2	0.000402982067298
4.04	22.22	0.000604473100947
4.04	24.24	0.000805964134596
4.04	26.26	0.000604473100947
4.04	28.28	0.000201491033649
4.04	30.3	0.000604473100947
4.04	32.32	0.000604473100947
4.04	34.34	0.000805964134596
4.04	36.36	0.000402982067298
4.04	38.38	0.000201491033649
4.04	40.4	0.000402982067298
4.04	42.42	0.000402982067298
4.04	44.44	0.000402982067298
4.04	46.46	0.000201491033649
4.04	48.48	0.000805964134596
4.04	50.5	0.000805964134596
4.04	52.52	0.000201491033649
4.04	54.54	0.000604473100947
4.04	56.56	0.000201491033649
4.04	58.58	0.000201491033649
4.04	60.6	0.000805964134596
4.04	62.62	0.0
4.04	64.64	0.000201491033649
4.04	66.66	0.000604473100947
4.04	68.68	0.000201491033649
4.04	70.7	0.000402982067298
4.04	72.72	0.00100745516825
4.04	74.74	0.000201491033649
4.04	76.76	0.000604473100947
4.04	78.78	0.000805964134596
4.04	80.8	0.000201491033649
4.04	82.82	0.000402982067298
4.04	84.84	0.000805964134596
4.04	86.86	0.000402982067298
4.04	88.88	0.000604473100947
4.04	90.9	0.000604473100947
4.04	92.92	0.000402982067298
4.04	94.94	0.000402982067298
4.04	96.96	0.000402982067298
4.04	98.98	0.000201491033649
6.06	0.0	0.000402982067298
6.06	2.02	0.000604473100947
6.06	4.04	0.000604473100947
6.06	6.06	0.000604473100947
6.06	8.08	0.000604473100947
6.06	10.1	0.0
6.06	12.12	0.00100745516825
6.06	14.14	0.0
6.06	16.16	0.000402982067298
6.06	18.18	0.000805964134596
6.06	20.2	0.000402982067298
6.06	22.22	0.000604473100947
6.06	24.24	0.000201491033649
6.06	26.26	0.0
6.06	28.28	0.000201491033649
6.06	30.3	0.000201491033649
6.06	32.32	0.0
6.06	34.34	0.000201491033649
6.06	36.36	0.00100745516825
6.06	38.38	0.000402982067298
6.06	40.4	0.0
6.06	42.42	0.000402982067298
6.06	44.44	0.000402982067298
6.06	46.46	0.000201491033649
6.06	48.48	0.000604473100947
6.06	50.5	0.0
6.06	52.52	0.000805964134596
6.06	54.54	0.000805964134596
6.06	56.56	0.000402982067298
6.06	58.58	0.0
6.06	60.6	0.000201491033649
6.06	62.62	0.00100745516825
6.06	64.64	0.000402982067298
6.06	66.66	0.0
6.06	68.68	0.000805964134596
6.06	70.7	0.0
6.06	72.72	0.000402982067298
6.06	74.74	0.0
6.06	76.76	0.000402982067298
6.06	78.78	0.000201491033649
6.06	80.8	0.000402982067298
6.06	82.82	0.000402982067298
6.06	84.84	0.000604473100947
6.06	86.86	0.0
6.06	88.88	0.000201491033649
6.06	90.9	0.00141043723554
6.06	92.92	0.000604473100947
6.06	94.94	0.00100745516825
6.06	96.96	0.000604473100947
6.06	98.98	0.000604473100947
8.08	0.0	0.000402982067298
8.08	2.02	0.000201491033649
8.08	4.04	0.000805964134596
8.08	6.06	0.000604473100947
8.08	8.08	0.000604473100947
8.08	10.1	0.000805964134596
8.08	12.12	0.000201491033649
8.08	14.14	0.000201491033649
8.08	16.16	0.000201491033649
8.08	18.18	0.000201491033649
8.08	20.2	0.000201491033649
8.08	22.22	0.000201491033649
8.08	24.24	0.00120894620189
8.08	26.26	0.000805964134596
8.08	28.28	0.000402982067298
8.08	30.3	0.000402982067298
8.08	32.32	0.000402982067298
8.08	34.34	0.000604473100947
8.08	36.36	0.000402982067298
8.08	38.38	0.000201491033649
8.08	40.4	0.00100745516825
8.08	42.42	0.00100745516825
8.08	44.44	0.000604473100947
8.08	46.46	0.000402982067298
8.08	48.48	0.000201491033649
8.08	50.5	0.000402982067298
8.08	52.52	0.000604473100947
8.08	54.54	0.000604473100947
8.08	56.56	0.000201491033649
8.08	58.58	0.000604473100947
8.08	60.6	0.000402982067298
8.08	62.62	0.0
8.08	64.64	0.000201491033649
8.08	66.66	0.0
8.08	68.68	0.0
8.08	70.7	0.000402982067298
8.08	72.72	0.000201491033649
8.08	74.74	0.000402982067298
8.08	76.76	0.000201491033649
8.08	78.78	0.000604473100947
8.08	80.8	0.000201491033649
8.08	82.82	0.0
8.08	84.84	0.000201491033649
8.08	86.86	0.000201491033649
8.08	88.88	0.000402982067298
8.08	90.9	0.000201491033649
8.08	92.92	0.000402982067298
8.08	94.94	0.000402982067298
8.08	96.96	0.000201491033649
8.08	98.98	0.000604473100947
10.1	0.0	0.000201491033649
10.1	2.02	0.0
10.1	4.04	0.000201491033649
10.1	6.06	0.000201491033649
10.1	8.08	0.000201491033649
10.1	10.1	0.0
10.1	12.12	0.000201491033649
10.1	14.14	0.000201491033649
10.1	16.16	0.000402982067298
10.1	18.18	0.000402982067298
10.1	20.2	0.000402982067298
10.1	22.22	0.0
10.1	24.24	0.000402982067298
10.1	26.26	0.000402982067298
10.1	28.28	0.0
10.1	30.3	0.000805964134596
10.1	32.32	0.000402982067298
10.1	34.34	0.0
10.1	36.36	0.000604473100947
10.1	38.38	0.000604473100947
10.1	40.4	0.000805964134596
10.1	42.42	0.000402982067298
10.1	44.44	0.000402982067298
10.1	46.46	0.000604473100947
10.1	48.48	0.000402982067298
10.1	50.5	0.0
10.1	52.52	0.000201491033649
10.1	54.54	0.000402982067298
10.1	56.56	0.000805964134596
10.1	58.58	0.000201491033649
10.1	60.6	0.000201491033649
10.1	62.62	0.000402982067298
10.1	64.64	0.00100745516825
10.1	66.66	0.000402982067298
10.1	68.68	0.000402982067298
10.1	70.7	0.000201491033649
10.1	72.72	0.000604473100947
10.1	74.74	0.000805964134596
10.1	76.76	0.000201491033649
10.1	78.78	0.000402982067298
10.1	80.8	0.00100745516825
10.1	82.82	0.000805964134596
10.1	84.84	0.000805964134596
10.1	86.86	0.000201491033649
10.1	88.88	0.000402982067298
10.1	90.9	0.000402982067298
10.1	92.92	0.000402982067298
10.1	94.94	0.0
10.1	96.96	0.000201491033649
10.1	98.98	0.000604473100947
12.12	0.0	0.0
12.12	2.02	0.000604473100947
12.12	4.04	0.000201491033649
12.12	6.06	0.000402982067298
12.12	8.08	0.00141043723554
12.12	10.1	0.0
12.12	12.12	0.000201491033649
12.12	14.14	0.000402982067298
12.12	16.16	0.000402982067298
12.12	18.18	0.000201491033649
12.12	20.2	0.000604473100947
12.12	22.22	0.000604473100947
12.12	24.24	0.000604473100947
12.12	26.26	0.000201491033649
12.12	28.28	0.000402982067298
12.12	30.3	0.000201491033649
12.12	32.32	0.000604473100947
12.12	34.34	0.000805964134596
12.12	36.36	0.00100745516825
12.12	38.38	0.000402982067298
12.12	40.4	0.0
12.12	42.42	0.000604473100947
12.12	44.44	0.000402982067298
12.12	46.46	0.000201491033649
12.12	48.48	0.0
12.12	50.5	0.000201491033649
12.12	52.52	0.000805964134596
12.12	54.54	0.0
12.12	56.56	0.000201491033649
12.12	58.58	0.0
12.12	60.6	0.000201491033649
12.12	62.62	0.000604473100947
12.12	64.64	0.000201491033649
12.12	66.66	0.000604473100947
12.12	68.68	0.000201491033649
12.12	70.7	0.00120894620189
12.12	72.72	0.000201491033649
12.12	74.74	0.000201491033649
12.12	76.76	0.00120894620189
12.12	78.78	0.000402982067298
12.12	80.8	0.000402982067298
12.12	82.82	0.000201491033649
12.12	84.84	0.000201491033649
12.12	86.86	0.000402982067298
12.12	88.88	0.000201491033649
12.12	90.9	0.000604473100947
12.12	92.92	0.000805964134596
12.12	94.94	0.000201491033649
12.12	96.96	0.000805964134596
12.12	98.98	0.000201491033649
14.14	0.0	0.0
14.14	2.02	0.000604473100947
14.14	4.04	0.000201491033649
14.14	6.06	0.000805964134596
14.14	8.08	0.000805964134596
14.14	10.1	0.000604473100947
14.14	12.12	0.000402982067298
14.14	14.14	0.000402982067298
14.14	16.16	0.000604473100947
14.14	18.18	0.00100745516825
14.14	20.2	0.000604473100947
14.14	22.22	0.000604473100947
14.14	24.24	0.000402982067298
14.14	26.26	0.000402982067298
14.14	28.28	0.000402982067298
14.14	30.3	0.000201491033649
14.14	32.32	0.000402982067298
14.14	34.34	0.000201491033649
14.14	36.36	0.000201491033649
14.14	38.38	0.000201491033649
14.14	40.4	0.000604473100947
14.14	42.42	0.000201491033649
14.14	44.44	0.000201491033649
14.14	46.46	0.000201491033649
14.14	48.48	0.000604473100947
14.14	50.5	0.000604473100947
14.14	52.52	0.000402982067298
14.14	54.54	0.000604473100947
14.14	56.56	0.000402982067298
14.14	58.58	0.000201491033649
14.14	60.6	0.000402982067298
14.14	62.62	0.0
14.14	64.64	0.0
14.14	66.66	0.00120894620189
14.14	68.68	0.000805964134596
14.14	70.7	0.000604473100947
14.14	72.72	0.000604473100947
14.14	74.74	0.00100745516825
14.14	76.76	0.000805964134596
14.14	78.78	0.000402982067298
14.14	80.8	0.000201491033649
14.14	82.82	0.000604473100947
14.14	84.84	0.000201491033649
14.14	86.86	0.000201491033649
14.14	88.88	0.000604473100947
14.14	90.9	0.0
14.14	92.92	0.000402982067298
14.14	94.94	0.000201491033649
14.14	96.96	0.0
14.14	98.98	0.000201491033649
16.16	0.0	0.000201491033649
16.16	2.02	0.000402982067298
16.16	4.04	0.000201491033649
16.16	6.06	0.000604473100947
16.16	8.08	0.000402982067298
16.16	10.1	0.000402982067298
16.16	12.12	0.000201491033649
16.16	14.14	0.000201491033649
16.16	16.16	0.000402982067298
16.16	18.18	0.000201491033649
16.16	20.2	0.000201491033649
16.16	22.22	0.000201491033649
16.16	24.24	0.000201491033649
16.16	26.26	0.0
16.16	28.28	0.000402982067298
16.16	30.3	0.000201491033649
16.16	32.32	0.0
16.16	34.34	0.000201491033649
16.16	36.36	0.000201491033649
16.16	38.38	0.000805964134596
16.16	40.4	0.000201491033649
16.16	42.42	0.000604473100947
16.16	44.44	0.000604473100947
16.16	46.46	0.00100745516825
16.16	48.48	0.000201491033649
16.16	50.5	0.000201491033649
16.16	52.52	0.000604473100947
16.16	54.54	0.00141043723554
16.16	56.56	0.000402982067298
16.16	58.58	0.000604473100947
16.16	60.6	0.000201491033649
16.16	62.62	0.000201491033649
16.16	64.64	0.000402982067298
16.16	66.66	0.000201491033649
16.16	68.68	0.000805964134596
16.16	70.7	0.000604473100947
16.16	72.72	0.000201491033649
16.16	74.74	0.000805964134596
16.16	76.76	0.000201491033649
16.16	78.78	0.000604473100947
16.16	80.8	0.000201491033649
16.16	82.82	0.000402982067298
16.16	84.84	0.000604473100947
16.16	86.86	0.000402982067298
16.16	88.88	0.000201491033649
16.16	90.9	0.0
16.16	92.92	0.000402982067298
16.16	94.94	0.000402982067298
16.16	96.96	0.000604473100947
16.16	98.98	0.000604473100947
18.18	0.0	0.000604473100947
18.18	2.02	0.000402982067298
18.18	4.04	0.000201491033649
18.18	6.06	0.000604473100947
18.18	8.08	0.000402982067298
18.18	10.1	0.0
18.18	12.12	0.000402982067298
18.18	14.14	0.000402982067298
18.18	16.16	0.00100745516825
18.18	18.18	0.0
18.18	20.2	0.000201491033649
18.18	22.22	0.000805964134596
18.18	24.24	0.000402982067298
18.18	26.26	0.000402982067298
18.18	28.28	0.000402982067298
18.18	30.3	0.000201491033649
18.18	32.32	0.000201491033649
18.18	34.34	0.0
18.18	36.36	0.000805964134596
18.18	38.38	0.000604473100947
18.18	40.4	0.000402982067298
18.18	42.42	0.000604473100947
18.18	44.44	0.000402982067298
18.18	46.46	0.000402982067298
18.18	48.48	0.000201491033649
18.18	50.5	0.000805964134596
18.18	52.52	0.000201491033649
18.18	54.54	0.000201491033649
18.18	56.56	0.00100745516825
18.18	58.58	0.000402982067298
18.18	60.6	0.000604473100947
18.18	62.62	0.000604473100947
18.18	64.64	0.000604473100947
18.18	66.66	0.000402982067298
18.18	68.68	0.000201491033649
18.18	70.7	0.000402982067298
18.18	72.72	0.000805964134596
18.18	74.74	0.000201491033649
18.18	76.76	0.000201491033649
18.18	78.78	0.000402982067298
18.18	80.8	0.0
18.18	82.82	0.000201491033649
18.18	84.84	0.0
18.18	86.86	0.000201491033649
18.18	88.88	0.000402982067298
18.18	90.9	0.000201491033649
18.18	92.92	0.000201491033649
18.18	94.94	0.000402982067298
18.18	96.96	0.000604473100947
18.18	98.98	0.000201491033649
20.2	0.0	0.000201491033649
20.2	2.02	0.000402982067298
20.2	4.04	0.000402982067298
20.2	6.06	0.000604473100947
20.2	8.08	0.000201491033649
20.2	10.1	0.000604473100947
20.2	12.12	0.000402982067298
20.2	14.14	0.0
20.2	16.16	0.000604473100947
20.2	18.18	0.000402982067298
20.2	20.2	0.000402982067298
20.2	22.22	0.000604473100947
20.2	24.24	0.000805964134596
20.2	26.26	0.0
20.2	28.28	0.000402982067298
20.2	30.3	0.000201491033649
20.2	32.32	0.000402982067298
20.2	34.34	0.000805964134596
20.2	36.36	0.000402982067298
20.2	38.38	0.000604473100947
20.2	40.4	0.000402982067298
20.2	42.42	0.000402982067298
20.2	44.44	0.000402982067298
20.2	46.46	0.000201491033649
20.2	48.48	0.000201491033649
20.2	50.5	0.000604473100947
20.2	52.52	0.000201491033649
20.2	54.54	0.000805964134596
20.2	56.56	0.000201491033649
20.2	58.58	0.000604473100947
20.2	60.6	0.000201491033649
20.2	62.62	0.000604473100947
20.2	64.64	0.000201491033649
20.2	66.66	0.000201491033649
20.2	68.68	0.000201491033649
20.2	70.7	0.0
20.2	72.72	0.000402982067298
20.2	74.74	0.0
20.2	76.76	0.000604473100947
20.2	78.78	0.000201491033649
20.2	80.8	0.00100745516825
20.2	82.82	0.000604473100947
20.2	84.84	0.000604473100947
20.2	86.86	0.000604473100947
20.2	88.88	0.000604473100947
20.2	90.9	0.000402982067298
20.2	92.92	0.000805964134596
20.2	94.94	0.000805964134596
20.2	96.96	0.000402982067298
20.2	98.98	0.000201491033649
22.22	0.0	0.000201491033649
22.22	2.02	0.0
22.22	4.04	0.00100745516825
22.22	6.06	0.000402982067298
22.22	8.08	0.000402982067298
22.22	10.1	0.000402982067298
22.22	12.12	0.000201491033649
22.22	14.14	0.0
22.22	16.16	0.000805964134596
22.22	18.18	0.000805964134596
22.22	20.2	0.0
22.22	22.22	0.0
22.22	24.24	0.000805964134596
22.22	26.26	0.0
22.22	28.28	0.000201491033649
22.22	30.3	0.0
22.22	32.32	0.000604473100947
22.22	34.34	0.000402982067298
22.22	36.36	0.0
22.22	38.38	0.000604473100947
22.22	40.4	0.000604473100947
22.22	42.42	0.0
22.22	44.44	0.000201491033649
22.22	46.46	0.000402982067298
22.22	48.48	0.000402982067298
22.22	50.5	0.000604473100947
22.22	52.52	0.000201491033649
22.22	54.54	0.000201491033649
22.22	56.56	0.000402982067298
22.22	58.58	0.00100745516825
22.22	60.6	0.000604473100947
22.22	62.62	0.000402982067298
22.22	64.64	0.000402982067298
22.22	66.66	0.000402982067298
22.22	68.68	0.000402982067298
22.22	70.7	0.000201491033649
22.22	72.72	0.0
22.22	74.74	0.000402982067298
22.22	76.76	0.000604473100947
22.22	78.78	0.000604473100947
22.22	80.8	0.0
22.22	82.82	0.000604473100947
22.22	84.84	0.000201491033649
22.22	86.86	0.0
22.22	88.88	0.000201491033649
22.22	90.9	0.0
22.22	92.92	0.000402982067298
22.22	94.94	0.0
22.22	96.96	0.000201491033649
22.22	98.98	0.000201491033649
24.24	0.0	0.000805964134596
24.24	2.02	0.000604473100947
24.24	4.04	0.000402982067298
24.24	6.06	0.000604473100947
24.24	8.08	0.000402982067298
24.24	10.1	0.000201491033649
24.24	12.12	0.000201491033649
24.24	14.14	0.000201491033649
24.24	16.16	0.000604473100947
24.24	18.18	0.000604473100947
24.24	20.2	0.000201491033649
24.24	22.22	0.000201491033649
24.24	24.24	0.000805964134596
24.24	26.26	0.000604473100947
24.24	28.28	0.000402982067298
24.24	30.3	0.000201491033649
24.24	32.32	0.000805964134596
24.24	34.34	0.000604473100947
24.24	36.36	0.000604473100947
24.24	38.38	0.000805964134596
24.24	40.4	0.000604473100947
24.24	42.42	0.000805964134596
24.24	44.44	0.000201491033649
24.24	46.46	0.0
24.24	48.48	0.0
24.24	50.5	0.000402982067298
24.24	52.52	0.000201491033649
24.24	54.54	0.000805964134596
24.24	56.56	0.000201491033649
24.24	58.58	0.000805964134596
24.24	60.6	0.000201491033649
24.24	62.62	0.000201491033649
24.24	64.64	0.000805964134596
24.24	66.66	0.000604473100947
24.24	68.68	0.000805964134596
24.24	70.7	0.000805964134596
24.24	72.72	0.00100745516825
24.24	74.74	0.000201491033649
24.24	76.76	0.000201491033649
24.24	78.78	0.00100745516825
24.24	80.8	0.000402982067298
24.24	82.82	0.000402982067298
24.24	84.84	0.000402982067298
24.24	86.86	0.000201491033649
24.24	88.88	0.0
24.24	90.9	0.000201491033649
24.24	92.92	0.000201491033649
24.24	94.94	0.000402982067298
24.24	96.96	0.000604473100947
24.24	98.98	0.000402982067298
26.26	0.0	0.000604473100947
26.26	2.02	0.000201491033649
26.26	4.04	0.000201491033649
26.26	6.06	0.0
26.26	8.08	0.000402982067298
26.26	10.1	0.000201491033649
26.26	12.12	0.000402982067298
26.26	14.14	0.000402982067298
26.26	16.16	0.000402982067298
26.26	18.18	0.000201491033649
26.26	20.2	0.0
26.26	22.22	0.000402982067298
26.26	24.24	0.0
26.26	26.26	0.000805964134596
26.26	28.28	0.000201491033649
26.26	30.3	0.0
26.26	32.32	0.000402982067298
26.26	34.34	0.000604473100947
26.26	36.36	0.000805964134596
26.26	38.38	0.0
26.26	40.4	0.000201491033649
26.26	42.42	0.000402982067298
26.26	44.44	0.000805964134596
26.26	46.46	0.000604473100947
26.26	48.48	0.000201491033649
26.26	50.5	0.000805964134596
26.26	52.52	0.000201491033649
26.26	54.54	0.00100745516825
26.26	56.56	0.000402982067298
26.26	58.58	0.00100745516825
26.26	60.6	0.000604473100947
26.26	62.62	0.000805964134596
26.26	64.64	0.000805964134596
26.26	66.66	0.000201491033649
26.26	68.68	0.000402982067298
26.26	70.7	0.000201491033649
26.26	72.72	0.000201491033649
26.26	74.74	0.000402982067298
26.26	76.76	0.0
26.26	78.78	0.000604473100947
26.26	80.8	0.000201491033649
26.26	82.82	0.00100745516825
26.26	84.84	0.000402982067298
26.26	86.86	0.000805964134596
26.26	88.88	0.0
26.26	90.9	0.000805964134596
26.26	92.92	0.0
26.26	94.94	0.000604473100947
26.26	96.96	0.000201491033649
26.26	98.98	0.000201491033649
28.28	0.0	0.000201491033649
28.28	2.02	0.000201491033649
28.28	4.04	0.000604473100947
28.28	6.06	0.000402982067298
28.28	8.08	0.000604473100947
28.28	10.1	0.000201491033649
28.28	12.12	0.000201491033649
28.28	14.14	0.0
28.28	16.16	0.000402982067298
28.28	18.18	0.00120894620189
28.28	20.2	0.000604473100947
28.28	22.22	0.000402982067298
28.28	24.24	0.000201491033649
28.28	26.26	0.000201491033649
28.28	28.28	0.0
28.28	30.3	0.000402982067298
28.28	32.32	0.000201491033649
28.28	34.34	0.000201491033649
28.28	36.36	0.000201491033649
28.28	38.38	0.000201491033649
28.28	40.4	0.000402982067298
28.28	42.42	0.00120894620189
28.28	44.44	0.000201491033649
28.28	46.46	0.00100745516825
28.28	48.48	0.000402982067298
28.28	50.5	0.000402982067298
28.28	52.52	0.000604473100947
28.28	54.54	0.000201491033649
28.28	56.56	0.000402982067298
28.28	58.58	0.000201491033649
28.28	60.6	0.000402982067298
28.28	62.62	0.0
28.28	64.64	0.000201491033649
28.28	66.66	0.000402982067298
28.28	68.68	0.000402982067298
28.28	70.7	0.000402982067298
28.28	72.72	0.000402982067298
28.28	74.74	0.000201491033649
28.28	76.76	0.000402982067298
28.28	78.78	0.000604473100947
28.28	80.8	0.000402982067298
28.28	82.82	0.000201491033649
28.28	84.84	0.000201491033649
28.28	86.86	0.000604473100947
28.28	88.88	0.000402982067298
28.28	90.9	0.000604473100947
28.28	92.92	0.000604473100947
28.28	94.94	0.000402982067298
28.28	96.96	0.000201491033649
28.28	98.98	0.000805964134596
30.3	0.0	0.000604473100947
30.3	2.02	0.000604473100947
30.3	4.04	0.000402982067298
30.3	6.06	0.000201491033649
30.3	8.08	0.000805964134596
30.3	10.1	0.000805964134596
30.3	12.12	0.000604473100947
30.3	14.14	0.000402982067298
30.3	16.16	0.000604473100947
30.3	18.18	0.000604473100947
30.3	20.2	0.000402982067298
30.3	22.22	0.000201491033649
30.3	24.24	0.000402982067298
30.3	26.26	0.000604473100947
30.3	28.28	0.000402982067298
30.3	30.3	0.000604473100947
30.3	32.32	0.000402982067298
30.3	34.34	0.0
30.3	36.36	0.000604473100947
30.3	38.38	0.000402982067298
30.3	40.4	0.000402982067298
30.3	42.42	0.000402982067298
30.3	44.44	0.000201491033649
30.3	46.46	0.000201491033649
30.3	48.48	0.000604473100947
30.3	50.5	0.000805964134596
30.3	52.52	0.0
30.3	54.54	0.0
30.3	56.56	0.000201491033649
30.3	58.58	0.0
30.3	60.6	0.0
30.3	62.62	0.0
30.3	64.64	0.000402982067298
30.3	66.66	0.000402982067298
30.3	68.68	0.000201491033649
30.3	70.7	0.000402982067298
30.3	72.72	0.000604473100947
30.3	74.74	0.000201491033649
30.3	76.76	0.000402982067298
30.3	78.78	0.000402982067298
30.3	80.8	0.000201491033649
30.3	82.82	0.000402982067298
30.3	84.84	0.000201491033649
30.3	86.86	0.000402982067298
30.3	88.88	0.000402982067298
30.3	90.9	0.0
30.3	92.92	0.000604473100947
30.3	94.94	0.000805964134596
30.3	96.96	0.000402982067298
30.3	98.98	0.000402982067298
32.32	0.0	0.000604473100947
32.32	2.02	0.000402982067298
32.32	4.04	0.000201491033649
32.32	6.06	0.00120894620189
32.32	8.08	0.000604473100947
32.32	10.1	0.000604473100947
32.32	12.12	0.000402982067298
32.32	14.14	0.000604473100947
32.32	16.16	0.0
32.32	18.18	0.0
32.32	20.2	0.000201491033649
32.32	22.22	0.000402982067298
32.32	24.24	0.000201491033649
32.32	26.26	0.000201491033649
32.32	28.28	0.000402982067298
32.32	30.3	0.000402982067298
32.32	32.32	0.0
32.32	34.34	0.000604473100947
32.32	36.36	0.000805964134596
32.32	38.38	0.00100745516825
32.32	40.4	0.000402982067298
32.32	42.42	0.0
32.32	44.44	0.000402982067298
32.32	46.46	0.00100745516825
32.32	48.48	0.0
32.32	50.5	0.000402982067298
32.32	52.52	0.000604473100947
32.32	54.54	0.000805964134596
32.32	56.56	0.000402982067298
32.32	58.58	0.000805964134596
32.32	60.6	0.000402982067298
32.32	62.62	0.000201491033649
32.32	64.64	0.000805964134596
32.32	66.66	0.000604473100947
32.32	68.68	0.000402982067298
32.32	70.7	0.000805964134596
32.32	72.72	0.000402982067298
32.32	74.74	0.000201491033649
32.32	76.76	0.000402982067298
32.32	78.78	0.000201491033649
32.32	80.8	0.000402982067298
32.32	82.82	0.000402982067298
32.32	84.84	0.000604473100947
32.32	86.86	0.000402982067298
32.32	88.88	0.000402982067298
32.32	90.9	0.000604473100947
32.32	92.92	0.000402982067298
32.32	94.94	0.00100745516825
32.32	96.96	0.000201491033649
32.32	98.98	0.0
34.34	0.0	0.000402982067298
34.34	2.02	0.000201491033649
34.34	4.04	0.000201491033649
34.34	6.06	0.000402982067298
34.34	8.08	0.000402982067298
34.34	10.1	0.00120894620189
34.34	12.12	0.000402982067298
34.34	14.14	0.000201491033649
34.34	16.16	0.000201491033649
34.34	18.18	0.0
34.34	20.2	0.000402982067298
34.34	22.22	0.0
34.34	24.24	0.000805964134596
34.34	26.26	0.0
34.34	28.28	0.000201491033649
34.34	30.3	0.000201491033649
34.34	32.32	0.000604473100947
34.34	34.34	0.000402982067298
34.34	36.36	0.0
34.34	38.38	0.000201491033649
34.34	40.4	0.000604473100947
34.34	42.42	0.000805964134596
34.34	44.44	0.000402982067298
34.34	46.46	0.000805964134596
34.34	48.48	0.000604473100947
34.34	50.5	0.0
34.34	52.52	0.000402982067298
34.34	54.54	0.000402982067298
34.34	56.56	0.000201491033649
34.34	58.58	0.000402982067298
34.34	60.6	0.0
34.34	62.62	0.00100745516825
34.34	64.64	0.000201491033649
34.34	66.66	0.000402982067298
34.34	68.68	0.000201491033649
34.34	70.7	0.000201491033649
34.34	72.72	0.000201491033649
34.34	74.74	0.000201491033649
34.34	76.76	0.0
34.34	78.78	0.000402982067298
34.34	80.8	0.000402982067298
34.34	82.82	0.000201491033649
34.34	84.84	0.000201491033649
34.34	86.86	0.000402982067298
34.34	88.88	0.000402982067298
34.34	90.9	0.0
34.34	92.92	0.000402982067298
34.34	94.94	0.000604473100947
34.34	96.96	0.000402982067298
34.34	98.98	0.000201491033649
36.36	0.0	0.000201491033649
36.36	2.02	0.000402982067298
36.36	4.04	0.0
36.36	6.06	0.000201491033649
36.36	8.08	0.000604473100947
36.36	10.1	0.000805964134596
36.36	12.12	0.0
36.36	14.14	0.000402982067298
36.36	16.16	0.000201491033649
36.36	18.18	0.000402982067298
36.36	20.2	0.000402982067298
36.36	22.22	0.000201491033649
36.36	24.24	0.000201491033649
36.36	26.26	0.00120894620189
36.36	28.28	0.000201491033649
36.36	30.3	0.000805964134596
36.36	32.32	0.0
36.36	34.34	0.000604473100947
36.36	36.36	0.000805964134596
36.36	38.38	0.000201491033649
36.36	40.4	0.0
36.36	42.42	0.000604473100947
36.36	44.44	0.000402982067298
36.36	46.46	0.000201491033649
36.36	48.48	0.000402982067298
36.36	50.5	0.000604473100947
36.36	52.52	0.000201491033649
36.36	54.54	0.000402982067298
36.36	56.56	0.0
36.36	58.58	0.000402982067298
36.36	60.6	0.000402982067298
36.36	62.62	0.000402982067298
36.36	64.64	0.000201491033649
36.36	66.66	0.0
36.36	68.68	0.0
36.36	70.7	0.000402982067298
36.36	72.72	0.000604473100947
36.36	74.74	0.0
36.36	76.76	0.000402982067298
36.36	78.78	0.000201491033649
36.36	80.8	0.000604473100947
36.36	82.82	0.0
36.36	84.84	0.000201491033649
36.36	86.86	0.000201491033649
36.36	88.88	0.000201491033649
36.36	90.9	0.0
36.36	92.92	0.0
36.36	94.94	0.0
36.36	96.96	0.0
36.36	98.98	0.000201491033649
38.38	0.0	0.000402982067298
38.38	2.02	0.000402982067298
38.38	4.04	0.000201491033649
38.38	6.06	0.000201491033649
38.38	8.08	0.0
38.38	10.1	0.000604473100947
38.38	12.12	0.000402982067298
38.38	14.14	0.000201491033649
38.38	16.16	0.0
38.38	18.18	0.00100745516825
38.38	20.2	0.000402982067298
38.38	22.22	0.000201491033649
38.38	24.24	0.000201491033649
38.38	26.26	0.0
38.38	28.28	0.000604473100947
38.38	30.3	0.000604473100947
38.38	32.32	0.000604473100947
38.38	34.34	0.000201491033649
38.38	36.36	0.000805964134596
38.38	38.38	0.000805964134596
38.38	40.4	0.000201491033649
38.38	42.42	0.0
38.38	44.44	0.000604473100947
38.38	46.46	0.000604473100947
38.38	48.48	0.000805964134596
38.38	50.5	0.000604473100947
38.38	52.52	0.000402982067298
38.38	54.54	0.0
38.38	56.56	0.000805964134596
38.38	58.58	0.000402982067298
38.38	60.6	0.000201491033649
38.38	62.62	0.000201491033649
38.38	64.64	0.000402982067298
38.38	66.66	0.000201491033649
38.38	68.68	0.000604473100947
38.38	70.7	0.000201491033649
38.38	72.72	0.000604473100947
38.38	74.74	0.000805964134596
38.38	76.76	0.000402982067298
38.38	78.78	0.000201491033649
38.38	80.8	0.000201491033649
38.38	82.82	0.000604473100947
38.38	84.84	0.0
38.38	86.86	0.000201491033649
38.38	88.88	0.000402982067298
38.38	90.9	0.000201491033649
38.38	92.92	0.000201491033649
38.38	94.94	0.000201491033649
38.38	96.96	0.000604473100947
38.38	98.98	0.000201491033649
40.4	0.0	0.000805964134596
40.4	2.02	0.0
40.4	4.04	0.000604473100947
40.4	6.06	0.000201491033649
40.4	8.08	0.000201491033649
40.4	10.1	0.000402982067298
40.4	12.12	0.0
40.4	14.14	0.000201491033649
40.4	16.16	0.000604473100947
40.4	18.18	0.000604473100947
40.4	20.2	0.000805964134596
40.4	22.22	0.000604473100947
40.4	24.24	0.000604473100947
40.4	26.26	0.000604473100947
40.4	28.28	0.00100745516825
40.4	30.3	0.000402982067298
40.4	32.32	0.000402982067298
40.4	34.34	0.000201491033649
40.4	36.36	0.000201491033649
40.4	38.38	0.000604473100947
40.4	40.4	0.000201491033649
40.4	42.42	0.000604473100947
40.4	44.44	0.000604473100947
40.4	46.46	0.000402982067298
40.4	48.48	0.000402982067298
40.4	50.5	0.000604473100947
40.4	52.52	0.000402982067298
40.4	54.54	0.000402982067298
40.4	56.56	0.000604473100947
40.4	58.58	0.000604473100947
40.4	60.6	0.000201491033649
40.4	62.62	0.000402982067298
40.4	64.64	0.000402982067298
40.4	66.66	0.00100745516825
40.4	68.68	0.000402982067298
40.4	70.7	0.000604473100947
40.4	72.72	0.000201491033649
40.4	74.74	0.000201491033649
40.4	76.76	0.000402982067298
40.4	78.78	0.000805964134596
40.4	80.8	0.000402982067298
40.4	82.82	0.000604473100947
40.4	84.84	0.000201491033649
40.4	86.86	0.000201491033649
40.4	88.88	0.000402982067298
40.4	90.9	0.000201491033649
40.4	92.92	0.0
40.4	94.94	0.000604473100947
40.4	96.96	0.000402982067298
40.4	98.98	0.000201491033649
42.42	0.0	0.000402982067298
42.42	2.02	0.000805964134596
42.42	4.04	0.000201491033649
42.42	6.06	0.000604473100947
42.42	8.08	0.000201491033649
42.42	10.1	0.00100745516825
42.42	12.12	0.0
42.42	14.14	0.000201491033649
42.42	16.16	0.000805964134596
42.42	18.18	0.000201491033649
42.42	20.2	0.0
42.42	22.22	0.00100745516825
42.42	24.24	0.0
42.42	26.26	0.0
42.42	28.28	0.00100745516825
42.42	30.3	0.000402982067298
42.42	32.32	0.000402982067298
42.42	34.34	0.000604473100947
42.42	36.36	0.000201491033649
42.42	38.38	0.0
42.42	40.4	0.0
42.42	42.42	0.000402982067298
42.42	44.44	0.000402982067298
42.42	46.46	0.000402982067298
42.42	48.48	0.000201491033649
42.42	50.5	0.000402982067298
42.42	52.52	0.000201491033649
42.42	54.54	0.000805964134596
42.42	56.56	0.0
42.42	58.58	0.000402982067298
42.42	60.6	0.000402982067298
42.42	62.62	0.000402982067298
42.42	64.64	0.000805964134596
42.42	66.66	0.000805964134596
42.42	68.68	0.000201491033649
42.42	70.7	0.000402982067298
42.42	72.72	0.000201491033649
42.42	74.74	0.000604473100947
42.42	76.76	0.000402982067298
42.42	78.78	0.000201491033649
42.42	80.8	0.000402982067298
42.42	82.82	0.000402982067298
42.42	84.84	0.000201491033649
42.42	86.86	0.000604473100947
42.42	88.88	0.000402982067298
42.42	90.9	0.000201491033649
42.42	92.92	0.000805964134596
42.42	94.94	0.000604473100947
42.42	96.96	0.000201491033649
42.42	98.98	0.000604473100947
44.44	0.0	0.000201491033649
44.44	2.02	0.0
44.44	4.04	0.00100745516825
44.44	6.06	0.000604473100947
44.44	8.08	0.000201491033649
44.44	10.1	0.000604473100947
44.44	12.12	0.000201491033649
44.44	14.14	0.000201491033649
44.44	16.16	0.000402982067298
44.44	18.18	0.000805964134596
44.44	20.2	0.000402982067298
44.44	22.22	0.000402982067298
44.44	24.24	0.000604473100947
44.44	26.26	0.000201491033649
44.44	28.28	0.0
44.44	30.3	0.000604473100947
44.44	32.32	0.00100745516825
44.44	34.34	0.000604473100947
44.44	36.36	0.000604473100947
44.44	38.38	0.000604473100947
44.44	40.4	0.000201491033649
44.44	42.42	0.000201491033649
44.44	44.44	0.000201491033649
44.44	46.46	0.000402982067298
44.44	48.48	0.000201491033649
44.44	50.5	0.000402982067298
44.44	52.52	0.000402982067298
44.44	54.54	0.000604473100947
44.44	56.56	0.000402982067298
44.44	58.58	0.000805964134596
44.44	60.6	0.000201491033649
44.44	62.62	0.000805964134596
44.44	64.64	0.000201491033649
44.44	66.66	0.000604473100947
44.44	68.68	0.000201491033649
44.44	70.7	0.000201491033649
44.44	72.72	0.000604473100947
44.44	74.74	0.0
44.44	76.76	0.000402982067298
44.44	78.78	0.0
44.44	80.8	0.00161192826919
44.44	82.82	0.000604473100947
44.44	84.84	0.0
44.44	86.86	0.0
44.44	88.88	0.0
44.44	90.9	0.000604473100947
44.44	92.92	0.000201491033649
44.44	94.94	0.000201491033649
44.44	96.96	0.00120894620189
44.44	98.98	0.0
46.46	0.0	0.000201491033649
46.46	2.02	0.000201491033649
46.46	4.04	0.000805964134596
46.46	6.06	0.000201491033649
46.46	8.08	0.000805964134596
46.46	10.1	0.000604473100947
46.46	12.12	0.0
46.46	14.14	0.00100745516825
46.46	16.16	0.000201491033649
46.46	18.18	0.0
46.46	20.2	0.0
46.46	22.22	0.000604473100947
46.46	24.24	0.000402982067298
46.46	26.26	0.000402982067298
46.46	28.28	0.000604473100947
46.46	30.3	0.000604473100947
46.46	32.32	0.000402982067298
46.46	34.34	0.000604473100947
46.46	36.36	0.000805964134596
46.46	38.38	0.000201491033649
46.46	40.4	0.000402982067298
46.46	42.42	0.0
46.46	44.44	0.000402982067298
46.46	46.46	0.0
46.46	48.48	0.000201491033649
46.46	50.5	0.000604473100947
46.46	52.52	0.000402982067298
46.46	54.54	0.000402982067298
46.46	56.56	0.000201491033649
46.46	58.58	0.000201491033649
46.46	60.6	0.000201491033649
46.46	62.62	0.000604473100947
46.46	64.64	0.000402982067298
46.46	66.66	0.000201491033649
46.46	68.68	0.000604473100947
46.46	70.7	0.000402982067298
46.46	72.72	0.000402982067298
46.46	74.74	0.000402982067298
46.46	76.76	0.000604473100947
46.46	78.78	0.0
46.46	80.8	0.000402982067298
46.46	82.82	0.000604473100947
46.46	84.84	0.000604473100947
46.46	86.86	0.000201491033649
46.46	88.88	0.00100745516825
46.46	90.9	0.000604473100947
46.46	92.92	0.00100745516825
46.46	94.94	0.0
46.46	96.96	0.000201491033649
46.46	98.98	0.000604473100947
48.48	0.0	0.0
48.48	2.02	0.00100745516825
48.48	4.04	0.000604473100947
48.48	6.06	0.000402982067298
48.48	8.08	0.0
48.48	10.1	0.0
48.48	12.12	0.0
48.48	14.14	0.000201491033649
48.48	16.16	0.0
48.48	18.18	0.000402982067298
48.48	20.2	0.000604473100947
48.48	22.22	0.0
48.48	24.24	0.000604473100947
48.48	26.26	0.000604473100947
48.48	28.28	0.000604473100947
48.48	30.3	0.000201491033649
48.48	32.32	0.000201491033649
48.48	34.34	0.000604473100947
48.48	36.36	0.000402982067298
48.48	38.38	0.000402982067298
48.48	40.4	0.000201491033649
48.48	42.42	0.0
48.48	44.44	0.000402982067298
48.48	46.46	0.000604473100947
48.48	48.48	0.000604473100947
48.48	50.5	0.000402982067298
48.48	52.52	0.000402982067298
48.48	54.54	0.000402982067298
48.48	56.56	0.000402982067298
48.48	58.58	0.000402982067298
48.48	60.6	0.0
48.48	62.62	0.000402982067298
48.48	64.64	0.000201491033649
48.48	66.66	0.000402982067298
48.48	68.68	0.0
48.48	70.7	0.000201491033649
48.48	72.72	0.0
48.48	74.74	0.000805964134596
48.48	76.76	0.000402982067298
48.48	78.78	0.000201491033649
48.48	80.8	0.000201491033649
48.48	82.82	0.000201491033649
48.48	84.84	0.0
48.48	86.86	0.000201491033649
48.48	88.88	0.000201491033649
48.48	90.9	0.0
48.48	92.92	0.000604473100947
48.48	94.94	0.00141043723554
48.48	96.96	0.000201491033649
48.48	98.98	0.000201491033649
50.5	0.0	0.000604473100947
50.5	2.02	0.000201491033649
50.5	4.04	0.000805964134596
50.5	6.06	0.000201491033649
50.5	8.08	0.000201491033649
50.5	10.1	0.0
50.5	12.12	0.000201491033649
50.5	14.14	0.000402982067298
50.5	16.16	0.000805964134596
50.5	18.18	0.0
50.5	20.2	0.000402982067298
50.5	22.22	0.000201491033649
50.5	24.24	0.0
50.5	26.26	0.000402982067298
50.5	28.28	0.000604473100947
50.5	30.3	0.000201491033649
50.5	32.32	0.0
50.5	34.34	0.000402982067298
50.5	36.36	0.000402982067298
50.5	38.38	0.00141043723554
50.5	40.4	0.0
50.5	42.42	0.000402982067298
50.5	44.44	0.000201491033649
50.5	46.46	0.000604473100947
50.5	48.48	0.000805964134596
50.5	50.5	0.000402982067298
50.5	52.52	0.000201491033649
50.5	54.54	0.000604473100947
50.5	56.56	0.000402982067298
50.5	58.58	0.000604473100947
50.5	60.6	0.000805964134596
50.5	62.62	0.000402982067298
50.5	64.64	0.0
50.5	66.66	0.000201491033649
50.5	68.68	0.000201491033649
50.5	70.7	0.000402982067298
50.5	72.72	0.000201491033649
50.5	74.74	0.000604473100947
50.5	76.76	0.000201491033649
50.5	78.78	0.0
50.5	80.8	0.000604473100947
50.5	82.82	0.000604473100947
50.5	84.84	0.000402982067298
50.5	86.86	0.000402982067298
50.5	88.88	0.000805964134596
50.5	90.9	0.000201491033649
50.5	92.92	0.000805964134596
50.5	94.94	0.000201491033649
50.5	96.96	0.000402982067298
50.5	98.98	0.000805964134596
52.52	0.0	0.000201491033649
52.52	2.02	0.0
52.52	4.04	0.000604473100947
52.52	6.06	0.000604473100947
52.52	8.08	0.000402982067298
52.52	10.1	0.00141043723554
52.52	12.12	0.000201491033649
52.52	14.14	0.000201491033649
52.52	16.16	0.0
52.52	18.18	0.000201491033649
52.52	20.2	0.000402982067298
52.52	22.22	0.0
52.52	24.24	0.000402982067298
52.52	26.26	0.0
52.52	28.28	0.000201491033649
52.52	30.3	0.000402982067298
52.52	32.32	0.000402982067298
52.52	34.34	0.000201491033649
52.52	36.36	0.000402982067298
52.52	38.38	0.000402982067298
52.52	40.4	0.000604473100947
52.52	42.42	0.000201491033649
52.52	44.44	0.000604473100947
52.52	46.46	0.000402982067298
52.52	48.48	0.000402982067298
52.52	50.5	0.00100745516825
52.52	52.52	0.000402982067298
52.52	54.54	0.0
52.52	56.56	0.000201491033649
52.52	58.58	0.000201491033649
52.52	60.6	0.00100745516825
52.52	62.62	0.000402982067298
52.52	64.64	0.0
52.52	66.66	0.000604473100947
52.52	68.68	0.000402982067298
52.52	70.7	0.000402982067298
52.52	72.72	0.000604473100947
52.52	74.74	0.000402982067298
52.52	76.76	0.000604473100947
52.52	78.78	0.000201491033649
52.52	80.8	0.000201491033649
52.52	82.82	0.000402982067298
52.52	84.84	0.000402982067298
52.52	86.86	0.0
52.52	88.88	0.000402982067298
52.52	90.9	0.000402982067298
52.52	92.92	0.000201491033649
52.52	94.94	0.000604473100947
52.52	96.96	0.000402982067298
52.52	98.98	0.000201491033649
54.54	0.0	0.000402982067298
54.54	2.02	0.000201491033649
54.54	4.04	0.000604473100947
54.54	6.06	0.000201491033649
54.54	8.08	0.0
54.54	10.1	0.0
54.54	12.12	0.000402982067298
54.54	14.14	0.000201491033649
54.54	16.16	0.000201491033649
54.54	18.18	0.0
54.54	20.2	0.0
54.54	22.22	0.000604473100947
54.54	24.24	0.0
54.54	26.26	0.000201491033649
54.54	28.28	0.0
54.54	30.3	0.00120894620189
54.54	32.32	0.000402982067298
54.54	34.34	0.000201491033649
54.54	36.36	0.0
54.54	38.38	0.00120894620189
54.54	40.4	0.000402982067298
54.54	42.42	0.000201491033649
54.54	44.44	0.000402982067298
54.54	46.46	0.000201491033649
54.54	48.48	0.000604473100947
54.54	50.5	0.000402982067298
54.54	52.52	0.000402982067298
54.54	54.54	0.000604473100947
54.54	56.56	0.000402982067298
54.54	58.58	0.000201491033649
54.54	60.6	0.000402982067298
54.54	62.62	0.000402982067298
54.54	64.64	0.000402982067298
54.54	66.66	0.000805964134596
54.54	68.68	0.000402982067298
54.54	70.7	0.00120894620189
54.54	72.72	0.000402982067298
54.54	74.74	0.000402982067298
54.54	76.76	0.000402982067298
54.54	78.78	0.000604473100947
54.54	80.8	0.00100745516825
54.54	82.82	0.000402982067298
54.54	84.84	0.000201491033649
54.54	86.86	0.000604473100947
54.54	88.88	0.000402982067298
54.54	90.9	0.000402982067298
54.54	92.92	0.000201491033649
54.54	94.94	0.000805964134596
54.54	96.96	0.000402982067298
54.54	98.98	0.000402982067298
56.56	0.0	0.000201491033649
56.56	2.02	0.000402982067298
56.56	4.04	0.000402982067298
56.56	6.06	0.0
56.56	8.08	0.000402982067298
56.56	10.1	0.000201491033649
56.56	12.12	0.000402982067298
56.56	14.14	0.000805964134596
56.56	16.16	0.0
56.56	18.18	0.000402982067298
56.56	20.2	0.000201491033649
56.56	22.22	0.000604473100947
56.56	24.24	0.000604473100947
56.56	26.26	0.000402982067298
56.56	28.28	0.000805964134596
56.56	30.3	0.000402982067298
56.56	32.32	0.000201491033649
56.56	34.34	0.0
56.56	36.36	0.000201491033649
56.56	38.38	0.000604473100947
56.56	40.4	0.000402982067298
56.56	42.42	0.000201491033649
56.56	44.44	0.000201491033649
56.56	46.46	0.000402982067298
56.56	48.48	0.000201491033649
56.56	50.5	0.000402982067298
56.56	52.52	0.000402982067298
56.56	54.54	0.00100745516825
56.56	56.56	0.000402982067298
56.56	58.58	0.000805964134596
56.56	60.6	0.000402982067298
56.56	62.62	0.0
56.56	64.64	0.000604473100947
56.56	66.66	0.000201491033649
56.56	68.68	0.000201491033649
56.56	70.7	0.000604473100947
56.56	72.72	0.000805964134596
56.56	74.74	0.000604473100947
56.56	76.76	0.000402982067298
56.56	78.78	0.000402982067298
56.56	80.8	0.0
56.56	82.82	0.0
56.56	84.84	0.000201491033649
56.56	86.86	0.000201491033649
56.56	88.88	0.0
56.56	90.9	0.000402982067298
56.56	92.92	0.000402982067298
56.56	94.94	0.000805964134596
56.56	96.96	0.000402982067298
56.56	98.98	0.000201491033649
58.58	0.0	0.000402982067298
58.58	2.02	0.000201491033649
58.58	4.04	0.000201491033649
58.58	6.06	0.000402982067298
58.58	8.08	0.0
58.58	10.1	0.000402982067298
58.58	12.12	0.000402982067298
58.58	14.14	0.000604473100947
58.58	16.16	0.000402982067298
58.58	18.18	0.000201491033649
58.58	20.2	0.000604473100947
58.58	22.22	0.0
58.58	24.24	0.000201491033649
58.58	26.26	0.000201491033649
58.58	28.28	0.000402982067298
58.58	30.3	0.000201491033649
58.58	32.32	0.000201491033649
58.58	34.34	0.000402982067298
58.58	36.36	0.0
58.58	38.38	0.0
58.58	40.4	0.000402982067298
58.58	42.42	0.0
58.58	44.44	0.000402982067298
58.58	46.46	0.000805964134596
58.58	48.48	0.0
58.58	50.5	0.000604473100947
58.58	52.52	0.000604473100947
58.58	54.54	0.000805964134596
58.58	56.56	0.000201491033649
58.58	58.58	0.000201491033649
58.58	60.6	0.0
58.58	62.62	0.000402982067298
58.58	64.64	0.000604473100947
58.58	66.66	0.0
58.58	68.68	0.0
58.58	70.7	0.000604473100947
58.58	72.72	0.000201491033649
58.58	74.74	0.000201491033649
58.58	76.76	0.000402982067298
58.58	78.78	0.000201491033649
58.58	80.8	0.000201491033649
58.58	82.82	0.000201491033649
58.58	84.84	0.000201491033649
58.58	86.86	0.000402982067298
58.58	88.88	0.000201491033649
58.58	90.9	0.000402982067298
58.58	92.92	0.000402982067298
58.58	94.94	0.0
58.58	96.96	0.000805964134596
58.58	98.98	0.000201491033649
60.6	0.0	0.000402982067298
60.6	2.02	0.000402982067298
60.6	4.04	0.000604473100947
60.6	6.06	0.000402982067298
60.6	8.08	0.000604473100947
60.6	10.1	0.000604473100947
60.6	12.12	0.000604473100947
60.6	14.14	0.000402982067298
60.6	16.16	0.000201491033649
60.6	18.18	0.000201491033649
60.6	20.2	0.000604473100947
60.6	22.22	0.000201491033649
60.6	24.24	0.000201491033649
60.6	26.26	0.000201491033649
60.6	28.28	0.000201491033649
60.6	30.3	0.000402982067298
60.6	32.32	0.000201491033649
60.6	34.34	0.0
60.6	36.36	0.000402982067298
60.6	38.38	0.000402982067298
60.6	40.4	0.000201491033649
60.6	42.42	0.000604473100947
60.6	44.44	0.000402982067298
60.6	46.46	0.000201491033649
60.6	48.48	0.000402982067298
60.6	50.5	0.000201491033649
60.6	52.52	0.000805964134596
60.6	54.54	0.0
60.6	56.56	0.000402982067298
60.6	58.58	0.000805964134596
60.6	60.6	0.000402982067298
60.6	62.62	0.000402982067298
60.6	64.64	0.0
60.6	66.66	0.000604473100947
60.6	68.68	0.000402982067298
60.6	70.7	0.000402982067298
60.6	72.72	0.000201491033649
60.6	74.74	0.000604473100947
60.6	76.76	0.000604473100947
60.6	78.78	0.000402982067298
60.6	80.8	0.0
60.6	82.82	0.0
60.6	84.84	0.000402982067298
60.6	86.86	0.000604473100947
60.6	88.88	0.000201491033649
60.6	90.9	0.000402982067298
60.6	92.92	0.000604473100947
60.6	94.94	0.000402982067298
60.6	96.96	0.0
60.6	98.98	0.0
62.62	0.0	0.000201491033649
62.62	2.02	0.000201491033649
62.62	4.04	0.000402982067298
62.62	6.06	0.00100745516825
62.62	8.08	0.000201491033649
62.62	10.1	0.000201491033649
62.62	12.12	0.000805964134596
62.62	14.14	0.000201491033649
62.62	16.16	0.000201491033649
62.62	18.18	0.0
62.62	20.2	0.000201491033649
62.62	22.22	0.0
62.62	24.24	0.000402982067298
62.62	26.26	0.000604473100947
62.62	28.28	0.000604473100947
62.62	30.3	0.000402982067298
62.62	32.32	0.000201491033649
62.62	34.34	0.000805964134596
62.62	36.36	0.000805964134596
62.62	38.38	0.000201491033649
62.62	40.4	0.0
62.62	42.42	0.00100745516825
62.62	44.44	0.000604473100947
62.62	46.46	0.000402982067298
62.62	48.48	0.000201491033649
62.62	50.5	0.000402982067298
62.62	52.52	0.000201491033649
62.62	54.54	0.0
62.62	56.56	0.000604473100947
62.62	58.58	0.000604473100947
62.62	60.6	0.000201491033649
62.62	62.62	0.000805964134596
62.62	64.64	0.000201491033649
62.62	66.66	0.000402982067298
62.62	68.68	0.000604473100947
62.62	70.7	0.000402982067298
62.62	72.72	0.000201491033649
62.62	74.74	0.000201491033649
62.62	76.76	0.000805964134596
62.62	78.78	0.000402982067298
62.62	80.8	0.000201491033649
62.62	82.82	0.000402982067298
62.62	84.84	0.000805964134596
62.62	86.86	0.000604473100947
62.62	88.88	0.000201491033649
62.62	90.9	0.000201491033649
62.62	92.92	0.000201491033649
62.62	94.94	0.0
62.62	96.96	0.000604473100947
62.62	98.98	0.00100745516825
64.64	0.0	0.000604473100947
64.64	2.02	0.000201491033649
64.64	4.04	0.000402982067298
64.64	6.06	0.000604473100947
64.64	8.08	0.000604473100947
64.64	10.1	0.000402982067298
64.64	12.12	0.000402982067298
64.64	14.14	0.000402982067298
64.64	16.16	0.000604473100947
64.64	18.18	0.000201491033649
64.64	20.2	0.000201491033649
64.64	22.22	0.000201491033649
64.64	24.24	0.000402982067298
64.64	26.26	0.000201491033649
64.64	28.28	0.000201491033649
64.64	30.3	0.0
64.64	32.32	0.000402982067298
64.64	34.34	0.000201491033649
64.64	36.36	0.0
64.64	38.38	0.000201491033649
64.64	40.4	0.000201491033649
64.64	42.42	0.000402982067298
64.64	44.44	0.000402982067298
64.64	46.46	0.000805964134596
64.64	48.48	0.000402982067298
64.64	50.5	0.000604473100947
64.64	52.52	0.0
64.64	54.54	0.000805964134596
64.64	56.56	0.000402982067298
64.64	58.58	0.000805964134596
64.64	60.6	0.000402982067298
64.64	62.62	0.000402982067298
64.64	64.64	0.0
64.64	66.66	0.0
64.64	68.68	0.000201491033649
64.64	70.7	0.000201491033649
64.64	72.72	0.000201491033649
64.64	74.74	0.0
64.64	76.76	0.000604473100947
64.64	78.78	0.000201491033649
64.64	80.8	0.000402982067298
64.64	82.82	0.000402982067298
64.64	84.84	0.000805964134596
64.64	86.86	0.000402982067298
64.64	88.88	0.000402982067298
64.64	90.9	0.000402982067298
64.64	92.92	0.000604473100947
64.64	94.94	0.000402982067298
64.64	96.96	0.000402982067298
64.64	98.98	0.000402982067298
66.66	0.0	0.0
66.66	2.02	0.00100745516825
66.66	4.04	0.000604473100947
66.66	6.06	0.000805964134596
66.66	8.08	0.000201491033649
66.66	10.1	0.000201491033649
66.66	12.12	0.000805964134596
66.66	14.14	0.000402982067298
66.66	16.16	0.000604473100947
66.66	18.18	0.000402982067298
66.66	20.2	0.000805964134596
66.66	22.22	0.000604473100947
66.66	24.24	0.000604473100947
66.66	26.26	0.000402982067298
66.66	28.28	0.000201491033649
66.66	30.3	0.000201491033649
66.66	32.32	0.000201491033649
66.66	34.34	0.000201491033649
66.66	36.36	0.000604473100947
66.66	38.38	0.000402982067298
66.66	40.4	0.000604473100947
66.66	42.42	0.000402982067298
66.66	44.44	0.000402982067298
66.66	46.46	0.000604473100947
66.66	48.48	0.000201491033649
66.66	50.5	0.000402982067298
66.66	52.52	0.000201491033649
66.66	54.54	0.000402982067298
66.66	56.56	0.000201491033649
66.66	58.58	0.000402982067298
66.66	60.6	0.000201491033649
66.66	62.62	0.00120894620189
66.66	64.64	0.000604473100947
66.66	66.66	0.000604473100947
66.66	68.68	0.000201491033649
66.66	70.7	0.0
66.66	72.72	0.000805964134596
66.66	74.74	0.0
66.66	76.76	0.000201491033649
66.66	78.78	0.000805964134596
66.66	80.8	0.000201491033649
66.66	82.82	0.00100745516825
66.66	84.84	0.000402982067298
66.66	86.86	0.000201491033649
66.66	88.88	0.000402982067298
66.66	90.9	0.000805964134596
66.66	92.92	0.000402982067298
66.66	94.94	0.000201491033649
66.66	96.96	0.000402982067298
66.66	98.98	0.000402982067298
68.68	0.0	0.000805964134596
68.68	2.02	0.000402982067298
68.68	4.04	0.000201491033649
68.68	6.06	0.000201491033649
68.68	8.08	0.000201491033649
68.68	10.1	0.000402982067298
68.68	12.12	0.0
68.68	14.14	0.000805964134596
68.68	16.16	0.000805964134596
68.68	18.18	0.000402982067298
68.68	20.2	0.000201491033649
68.68	22.22	0.000805964134596
68.68	24.24	0.000402982067298
68.68	26.26	0.000201491033649
68.68	28.28	0.0
68.68	30.3	0.00100745516825
68.68	32.32	0.000201491033649
68.68	34.34	0.000201491033649
68.68	36.36	0.000805964134596
68.68	38.38	0.000201491033649
68.68	40.4	0.000604473100947
68.68	42.42	0.000201491033649
68.68	44.44	0.000201491033649
68.68	46.46	0.000201491033649
68.68	48.48	0.000402982067298
68.68	50.5	0.000604473100947
68.68	52.52	0.000604473100947
68.68	54.54	0.000604473100947
68.68	56.56	0.0
68.68	58.58	0.000604473100947
68.68	60.6	0.000604473100947
68.68	62.62	0.000201491033649
68.68	64.64	0.000604473100947
68.68	66.66	0.000604473100947
68.68	68.68	0.000604473100947
68.68	70.7	0.000402982067298
68.68	72.72	0.000201491033649
68.68	74.74	0.000604473100947
68.68	76.76	0.000201491033649
68.68	78.78	0.000402982067298
68.68	80.8	0.000402982067298
68.68	82.82	0.000604473100947
68.68	84.84	0.000201491033649
68.68	86.86	0.000201491033649
68.68	88.88	0.000604473100947
68.68	90.9	0.000604473100947
68.68	92.92	0.000402982067298
68.68	94.94	0.000604473100947
68.68	96.96	0.000402982067298
68.68	98.98	0.000201491033649
70.7	0.0	0.0
70.7	2.02	0.000402982067298
70.7	4.04	0.000402982067298
70.7	6.06	0.0
70.7	8.08	0.000201491033649
70.7	10.1	0.0
70.7	12.12	0.00120894620189
70.7	14.14	0.00100745516825
70.7	16.16	0.000402982067298
70.7	18.18	0.000604473100947
70.7	20.2	0.000201491033649
70.7	22.22	0.000201491033649
70.7	24.24	0.000402982067298
70.7	26.26	0.000402982067298
70.7	28.28	0.000201491033649
70.7	30.3	0.000201491033649
70.7	32.32	0.000402982067298
70.7	34.34	0.000402982067298
70.7	36.36	0.000201491033649
70.7	38.38	0.000402982067298
70.7	40.4	0.000201491033649
70.7	42.42	0.000604473100947
70.7	44.44	0.000402982067298
70.7	46.46	0.000201491033649
70.7	48.48	0.00100745516825
70.7	50.5	0.0
70.7	52.52	0.00100745516825
70.7	54.54	0.000402982067298
70.7	56.56	0.000402982067298
70.7	58.58	0.000402982067298
70.7	60.6	0.00141043723554
70.7	62.62	0.000604473100947
70.7	64.64	0.0
70.7	66.66	0.000604473100947
70.7	68.68	0.000201491033649
70.7	70.7	0.000604473100947
70.7	72.72	0.00100745516825
70.7	74.74	0.000604473100947
70.7	76.76	0.000201491033649
70.7	78.78	0.000402982067298
70.7	80.8	0.000201491033649
70.7	82.82	0.000604473100947
70.7	84.84	0.000201491033649
70.7	86.86	0.000201491033649
70.7	88.88	0.000604473100947
70.7	90.9	0.00100745516825
70.7	92.92	0.0
70.7	94.94	0.000402982067298
70.7	96.96	0.00100745516825
70.7	98.98	0.000604473100947
72.72	0.0	0.000402982067298
72.72	2.02	0.0
72.72	4.04	0.000201491033649
72.72	6.06	0.000604473100947
72.72	8.08	0.000402982067298
72.72	10.1	0.000402982067298
72.72	12.12	0.0
72.72	14.14	0.000201491033649
72.72	16.16	0.0
72.72	18.18	0.000201491033649
72.72	20.2	0.000402982067298
72.72	22.22	0.000201491033649
72.72	24.24	0.00100745516825
72.72	26.26	0.000201491033649
72.72	28.28	0.000402982067298
72.72	30.3	0.0
72.72	32.32	0.000402982067298
72.72	34.34	0.000805964134596
72.72	36.36	0.000402982067298
72.72	38.38	0.000402982067298
72.72	40.4	0.000402982067298
72.72	42.42	0.000201491033649
72.72	44.44	0.000402982067298
72.72	46.46	0.000201491033649
72.72	48.48	0.00100745516825
72.72	50.5	0.000201491033649
72.72	52.52	0.000402982067298
72.72	54.54	0.000402982067298
72.72	56.56	0.000402982067298
72.72	58.58	0.000604473100947
72.72	60.6	0.000201491033649
72.72	62.62	0.000201491033649
72.72	64.64	0.000402982067298
72.72	66.66	0.000402982067298
72.72	68.68	0.0
72.72	70.7	0.0
72.72	72.72	0.000604473100947
72.72	74.74	0.000402982067298
72.72	76.76	0.000402982067298
72.72	78.78	0.000402982067298
72.72	80.8	0.000805964134596
72.72	82.82	0.000402982067298
72.72	84.84	0.000201491033649
72.72	86.86	0.000402982067298
72.72	88.88	0.000402982067298
72.72	90.9	0.000604473100947
72.72	92.92	0.000201491033649
72.72	94.94	0.000201491033649
72.72	96.96	0.00141043723554
72.72	98.98	0.000604473100947
74.74	0.0	0.000402982067298
74.74	2.02	0.000805964134596
74.74	4.04	0.000201491033649
74.74	6.06	0.0
74.74	8.08	0.00100745516825
74.74	10.1	0.000402982067298
74.74	12.12	0.000201491033649
74.74	14.14	0.000402982067298
74.74	16.16	0.000201491033649
74.74	18.18	0.000201491033649
74.74	20.2	0.000604473100947
74.74	22.22	0.000604473100947
74.74	24.24	0.000201491033649
74.74	26.26	0.000402982067298
74.74	28.28	0.000402982067298
74.74	30.3	0.000402982067298
74.74	32.32	0.000604473100947
74.74	34.34	0.000201491033649
74.74	36.36	0.000402982067298
74.74	38.38	0.000402982067298
74.74	40.4	0.000805964134596
74.74	42.42	0.000805964134596
74.74	44.44	0.00100745516825
74.74	46.46	0.000201491033649
74.74	48.48	0.000402982067298
74.74	50.5	0.000402982067298
74.74	52.52	0.0
74.74	54.54	0.000402982067298
74.74	56.56	0.000402982067298
74.74	58.58	0.000201491033649
74.74	60.6	0.000604473100947
74.74	62.62	0.000201491033649
74.74	64.64	0.000604473100947
74.74	66.66	0.000805964134596
74.74	68.68	0.000805964134596
74.74	70.7	0.000201491033649
74.74	72.72	0.000402982067298
74.74	74.74	0.000402982067298
74.74	76.76	0.000604473100947
74.74	78.78	0.000604473100947
74.74	80.8	0.000201491033649
74.74	82.82	0.0
74.74	84.84	0.000402982067298
74.74	86.86	0.000201491033649
74.74	88.88	0.000805964134596
74.74	90.9	0.000201491033649
74.74	92.92	0.000201491033649
74.74	94.94	0.00100745516825
74.74	96.96	0.000402982067298
74.74	98.98	0.000402982067298
76.76	0.0	0.000201491033649
76.76	2.02	0.0
76.76	4.04	0.000402982067298
76.76	6.06	0.0
76.76	8.08	0.000201491033649
76.76	10.1	0.000201491033649
76.76	12.12	0.000402982067298
76.76	14.14	0.000201491033649
76.76	16.16	0.0
76.76	18.18	0.00141043723554
76.76	20.2	0.000201491033649
76.76	22.22	0.000201491033649
76.76	24.24	0.000201491033649
76.76	26.26	0.000805964134596
76.76	28.28	0.000402982067298
76.76	30.3	0.000402982067298
76.76	32.32	0.000201491033649
76.76	34.34	0.000805964134596
76.76	36.36	0.000604473100947
76.76	38.38	0.000805964134596
76.76	40.4	0.000201491033649
76.76	42.42	0.000604473100947
76.76	44.44	0.000402982067298
76.76	46.46	0.000805964134596
76.76	48.48	0.000201491033649
76.76	50.5	0.000201491033649
76.76	52.52	0.000402982067298
76.76	54.54	0.000402982067298
76.76	56.56	0.0
76.76	58.58	0.000201491033649
76.76	60.6	0.000201491033649
76.76	62.62	0.000604473100947
76.76	64.64	0.000201491033649
76.76	66.66	0.000201491033649
76.76	68.68	0.000201491033649
76.76	70.7	0.00100745516825
76.76	72.72	0.000201491033649
76.76	74.74	0.000805964134596
76.76	76.76	0.000402982067298
76.76	78.78	0.000402982067298
76.76	80.8	0.000402982067298
76.76	82.82	0.000402982067298
76.76	84.84	0.000604473100947
76.76	86.86	0.00100745516825
76.76	88.88	0.000402982067298
76.76	90.9	0.000402982067298
76.76	92.92	0.000201491033649
76.76	94.94	0.000402982067298
76.76	96.96	0.000805964134596
76.76	98.98	0.0
78.78	0.0	0.000402982067298
78.78	2.02	0.000402982067298
78.78	4.04	0.000402982067298
78.78	6.06	0.00120894620189
78.78	8.08	0.000402982067298
78.78	10.1	0.000604473100947
78.78	12.12	0.000201491033649
78.78	14.14	0.000201491033649
78.78	16.16	0.000604473100947
78.78	18.18	0.000604473100947
78.78	20.2	0.000402982067298
78.78	22.22	0.000805964134596
78.78	24.24	0.000402982067298
78.78	26.26	0.000604473100947
78.78	28.28	0.000402982067298
78.78	30.3	0.000201491033649
78.78	32.32	0.0
78.78	34.34	0.000805964134596
78.78	36.36	0.000604473100947
78.78	38.38	0.000201491033649
78.78	40.4	0.000201491033649
78.78	42.42	0.000201491033649
78.78	44.44	0.000402982067298
78.78	46.46	0.000805964134596
78.78	48.48	0.0
78.78	50.5	0.000604473100947
78.78	52.52	0.000604473100947
78.78	54.54	0.000201491033649
78.78	56.56	0.000805964134596
78.78	58.58	0.000201491033649
78.78	60.6	0.000604473100947
78.78	62.62	0.000201491033649
78.78	64.64	0.000402982067298
78.78	66.66	0.000805964134596
78.78	68.68	0.000402982067298
78.78	70.7	0.000805964134596
78.78	72.72	0.000201491033649
78.78	74.74	0.000402982067298
78.78	76.76	0.000201491033649
78.78	78.78	0.000201491033649
78.78	80.8	0.000201491033649
78.78	82.82	0.000604473100947
78.78	84.84	0.000402982067298
78.78	86.86	0.000402982067298
78.78	88.88	0.000402982067298
78.78	90.9	0.000201491033649
78.78	92.92	0.0
78.78	94.94	0.000201491033649
78.78	96.96	0.000201491033649
78.78	98.98	0.000604473100947
80.8	0.0	0.000402982067298
80.8	2.02	0.000805964134596
80.8	4.04	0.000604473100947
80.8	6.06	0.000201491033649
80.8	8.08	0.0
80.8	10.1	0.000201491033649
80.8	12.12	0.00100745516825
80.8	14.14	0.000805964134596
80.8	16.16	0.000604473100947
80.8	18.18	0.000805964134596
80.8	20.2	0.000402982067298
80.8	22.22	0.000201491033649
80.8	24.24	0.0
80.8	26.26	0.000201491033649
80.8	28.28	0.00100745516825
80.8	30.3	0.000402982067298
80.8	32.32	0.000402982067298
80.8	34.34	0.00100745516825
80.8	36.36	0.000402982067298
80.8	38.38	0.000201491033649
80.8	40.4	0.000402982067298
80.8	42.42	0.000402982067298
80.8	44.44	0.000604473100947
80.8	46.46	0.00100745516825
80.8	48.48	0.000402982067298
80.8	50.5	0.000402982067298
80.8	52.52	0.000604473100947
80.8	54.54	0.000402982067298
80.8	56.56	0.0
80.8	58.58	0.000402982067298
80.8	60.6	0.000604473100947
80.8	62.62	0.000604473100947
80.8	64.64	0.000201491033649
80.8	66.66	0.000604473100947
80.8	68.68	0.000805964134596
80.8	70.7	0.0
80.8	72.72	0.000604473100947
80.8	74.74	0.000402982067298
80.8	76.76	0.000604473100947
80.8	78.78	0.0
80.8	80.8	0.000201491033649
80.8	82.82	0.000402982067298
80.8	84.84	0.000201491033649
80.8	86.86	0.0
80.8	88.88	0.000201491033649
80.8	90.9	0.000402982067298
80.8	92.92	0.000201491033649
80.8	94.94	0.000201491033649
80.8	96.96	0.00100745516825
80.8	98.98	0.000402982067298
82.82	0.0	0.000402982067298
82.82	2.02	0.000604473100947
82.82	4.04	0.0
82.82	6.06	0.0
82.82	8.08	0.000604473100947
82.82	10.1	0.000201491033649
82.82	12.12	0.0
82.82	14.14	0.000604473100947
82.82	16.16	0.000402982067298
82.82	18.18	0.000201491033649
82.82	20.2	0.0
82.82	22.22	0.00120894620189
82.82	24.24	0.000604473100947
82.82	26.26	0.000201491033649
82.82	28.28	0.000201491033649
82.82	30.3	0.000201491033649
82.82	32.32	0.000402982067298
82.82	34.34	0.000805964134596
82.82	36.36	0.000805964134596
82.82	38.38	0.0
82.82	40.4	0.000201491033649
82.82	42.42	0.0
82.82	44.44	0.0
82.82	46.46	0.000402982067298
82.82	48.48	0.000604473100947
82.82	50.5	0.000201491033649
82.82	52.52	0.000402982067298
82.82	54.54	0.000201491033649
82.82	56.56	0.000402982067298
82.82	58.58	0.000201491033649
82.82	60.6	0.000604473100947
82.82	62.62	0.0
82.82	64.64	0.000201491033649
82.82	66.66	0.000805964134596
82.82	68.68	0.000201491033649
82.82	70.7	0.000201491033649
82.82	72.72	0.000604473100947
82.82	74.74	0.000604473100947
82.82	76.76	0.000402982067298
82.82	78.78	0.000604473100947
82.82	80.8	0.000201491033649
82.82	82.82	0.000604473100947
82.82	84.84	0.000604473100947
82.82	86.86	0.000604473100947
82.82	88.88	0.000402982067298
82.82	90.9	0.000402982067298
82.82	92.92	0.0
82.82	94.94	0.000604473100947
82.82	96.96	0.000402982067298
82.82	98.98	0.000201491033649
84.84	0.0	0.000604473100947
84.84	2.02	0.000402982067298
84.84	4.04	0.00100745516825
84.84	6.06	0.000604473100947
84.84	8.08	0.000604473100947
84.84	10.1	0.000604473100947
84.84	12.12	0.000604473100947
84.84	14.14	0.000201491033649
84.84	16.16	0.000201491033649
84.84	18.18	0.000201491033649
84.84	20.2	0.0
84.84	22.22	0.0
84.84	24.24	0.0
84.84	26.26	0.000604473100947
84.84	28.28	0.000402982067298
84.84	30.3	0.000201491033649
84.84	32.32	0.000402982067298
84.84	34.34	0.0
84.84	36.36	0.0
84.84	38.38	0.0
84.84	40.4	0.000201491033649
84.84	42.42	0.000201491033649
84.84	44.44	0.000201491033649
84.84	46.46	0.000402982067298
84.84	48.48	0.0
84.84	50.5	0.000201491033649
84.84	52.52	0.000604473100947
84.84	54.54	0.000201491033649
84.84	56.56	0.000402982067298
84.84	58.58	0.000402982067298
84.84	60.6	0.0
84.84	62.62	0.000604473100947
84.84	64.64	0.000805964134596
84.84	66.66	0.000201491033649
84.84	68.68	0.000201491033649
84.84	70.7	0.000805964134596
84.84	72.72	0.000402982067298
84.84	74.74	0.000604473100947
84.84	76.76	0.000201491033649
84.84	78.78	0.000604473100947
84.84	80.8	0.0
84.84	82.82	0.000604473100947
84.84	84.84	0.000604473100947
84.84	86.86	0.000402982067298
84.84	88.88	0.0
84.84	90.9	0.000201491033649
84.84	92.92	0.000604473100947
84.84	94.94	0.000201491033649
84.84	96.96	0.000201491033649
84.84	98.98	0.000201491033649
86.86	0.0	0.000402982067298
86.86	2.02	0.000805964134596
86.86	4.04	0.000604473100947
86.86	6.06	0.000201491033649
86.86	8.08	0.000805964134596
86.86	10.1	0.000201491033649
86.86	12.12	0.000201491033649
86.86	14.14	0.000402982067298
86.86	16.16	0.000402982067298
86.86	18.18	0.000201491033649
86.86	20.2	0.000402982067298
86.86	22.22	0.000805964134596
86.86	24.24	0.0
86.86	26.26	0.000604473100947
86.86	28.28	0.0
86.86	30.3	0.0
86.86	32.32	0.000402982067298
86.86	34.34	0.000402982067298
86.86	36.36	0.000201491033649
86.86	38.38	0.000201491033649
86.86	40.4	0.000604473100947
86.86	42.42	0.0
86.86	44.44	0.000805964134596
86.86	46.46	0.000402982067298
86.86	48.48	0.000604473100947
86.86	50.5	0.000201491033649
86.86	52.52	0.000402982067298
86.86	54.54	0.000402982067298
86.86	56.56	0.000604473100947
86.86	58.58	0.000402982067298
86.86	60.6	0.00100745516825
86.86	62.62	0.000201491033649
86.86	64.64	0.000402982067298
86.86	66.66	0.000402982067298
86.86	68.68	0.000604473100947
86.86	70.7	0.00100745516825
86.86	72.72	0.000201491033649
86.86	74.74	0.000201491033649
86.86	76.76	0.0
86.86	78.78	0.0
86.86	80.8	0.000402982067298
86.86	82.82	0.000201491033649
86.86	84.84	0.000805964134596
86.86	86.86	0.000402982067298
86.86	88.88	0.000402982067298
86.86	90.9	0.000805964134596
86.86	92.92	0.000604473100947
86.86	94.94	0.000604473100947
86.86	96.96	0.000201491033649
86.86	98.98	0.000201491033649
88.88	0.0	0.00100745516825
88.88	2.02	0.000604473100947
88.88	4.04	0.0
88.88	6.06	0.000805964134596
88.88	8.08	0.00120894620189
88.88	10.1	0.000201491033649
88.88	12.12	0.000201491033649
88.88	14.14	0.000402982067298
88.88	16.16	0.0
88.88	18.18	0.000805964134596
88.88	20.2	0.000402982067298
88.88	22.22	0.0
88.88	24.24	0.000604473100947
88.88	26.26	0.000604473100947
88.88	28.28	0.0
88.88	30.3	0.000201491033649
88.88	32.32	0.000402982067298
88.88	34.34	0.000402982067298
88.88	36.36	0.000805964134596
88.88	38.38	0.000805964134596
88.88	40.4	0.000604473100947
88.88	42.42	0.000805964134596
88.88	44.44	0.000805964134596
88.88	46.46	0.000805964134596
88.88	48.48	0.000402982067298
88.88	50.5	0.0
88.88	52.52	0.000604473100947
88.88	54.54	0.00100745516825
88.88	56.56	0.000604473100947
88.88	58.58	0.000805964134596
88.88	60.6	0.000201491033649
88.88	62.62	0.0
88.88	64.64	0.000402982067298
88.88	66.66	0.000805964134596
88.88	68.68	0.000604473100947
88.88	70.7	0.000604473100947
88.88	72.72	0.000402982067298
88.88	74.74	0.000201491033649
88.88	76.76	0.0
88.88	78.78	0.00100745516825
88.88	80.8	0.000402982067298
88.88	82.82	0.000805964134596
88.88	84.84	0.000402982067298
88.88	86.86	0.000805964134596
88.88	88.88	0.000402982067298
88.88	90.9	0.000201491033649
88.88	92.92	0.0
88.88	94.94	0.000402982067298
88.88	96.96	0.000402982067298
88.88	98.98	0.000201491033649
90.9	0.0	0.000805964134596
90.9	2.02	0.000805964134596
90.9	4.04	0.00100745516825
90.9	6.06	0.000402982067298
90.9	8.08	0.000604473100947
90.9	10.1	0.000201491033649
90.9	12.12	0.000402982067298
90.9	14.14	0.000201491033649
90.9	16.16	0.000402982067298
90.9	18.18	0.000402982067298
90.9	20.2	0.000604473100947
90.9	22.22	0.000201491033649
90.9	24.24	0.000402982067298
90.9	26.26	0.00161192826919
90.9	28.28	0.000402982067298
90.9	30.3	0.0
90.9	32.32	0.000201491033649
90.9	34.34	0.000201491033649
90.9	36.36	0.000402982067298
90.9	38.38	0.000402982067298
90.9	40.4	0.000201491033649
90.9	42.42	0.000402982067298
90.9	44.44	0.000201491033649
90.9	46.46	0.000402982067298
90.9	48.48	0.0
90.9	50.5	0.000604473100947
90.9	52.52	0.000805964134596
90.9	54.54	0.000201491033649
90.9	56.56	0.000402982067298
90.9	58.58	0.000201491033649
90.9	60.6	0.0
90.9	62.62	0.000805964134596
90.9	64.64	0.000201491033649
90.9	66.66	0.0
90.9	68.68	0.000201491033649
90.9	70.7	0.000201491033649
90.9	72.72	0.000604473100947
90.9	74.74	0.000402982067298
90.9	76.76	0.000805964134596
90.9	78.78	0.000402982067298
90.9	80.8	0.000402982067298
90.9	82.82	0.000604473100947
90.9	84.84	0.000805964134596
90.9	86.86	0.000201491033649
90.9	88.88	0.000201491033649
90.9	90.9	0.000201491033649
90.9	92.92	0.000201491033649
90.9	94.94	0.000402982067298
90.9	96.96	0.000402982067298
90.9	98.98	0.000201491033649
92.92	0.0	0.0
92.92	2.02	0.000402982067298
92.92	4.04	0.000604473100947
92.92	6.06	0.000201491033649
92.92	8.08	0.000604473100947
92.92	10.1	0.000201491033649
92.92	12.12	0.000402982067298
92.92	14.14	0.0
92.92	16.16	0.000805964134596
92.92	18.18	0.000201491033649
92.92	20.2	0.000604473100947
92.92	22.22	0.000201491033649
92.92	24.24	0.000402982067298
92.92	26.26	0.000402982067298
92.92	28.28	0.000604473100947
92.92	30.3	0.000402982067298
92.92	32.32	0.000805964134596
92.92	34.34	0.000402982067298
92.92	36.36	0.000201491033649
92.92	38.38	0.000201491033649
92.92	40.4	0.000402982067298
92.92	42.42	0.000201491033649
92.92	44.44	0.000805964134596
92.92	46.46	0.000402982067298
92.92	48.48	0.0
92.92	50.5	0.000201491033649
92.92	52.52	0.000805964134596
92.92	54.54	0.000604473100947
92.92	56.56	0.000604473100947
92.92	58.58	0.000604473100947
92.92	60.6	0.000604473100947
92.92	62.62	0.0
92.92	64.64	0.000402982067298
92.92	66.66	0.000201491033649
92.92	68.68	0.0
92.92	70.7	0.000805964134596
92.92	72.72	0.000805964134596
92.92	74.74	0.000805964134596
92.92	76.76	0.000402982067298
92.92	78.78	0.000201491033649
92.92	80.8	0.000201491033649
92.92	82.82	0.000201491033649
92.92	84.84	0.000201491033649
92.92	86.86	0.000402982067298
92.92	88.88	0.000604473100947
92.92	90.9	0.0
92.92	92.92	0.000201491033649
92.92	94.94	0.000402982067298
92.92	96.96	0.000805964134596
92.92	98.98	0.000604473100947
94.94	0.0	0.000201491033649
94.94	2.02	0.0
94.94	4.04	0.000402982067298
94.94	6.06	0.000201491033649
94.94	8.08	0.000402982067298
94.94	10.1	0.000805964134596
94.94	12.12	0.000402982067298
94.94	14.14	0.000604473100947
94.94	16.16	0.000604473100947
94.94	18.18	0.000402982067298
94.94	20.2	0.000201491033649
94.94	22.22	0.000402982067298
94.94	24.24	0.000201491033649
94.94	26.26	0.000201491033649
94.94	28.28	0.000201491033649
94.94	30.3	0.000201491033649
94.94	32.32	0.000402982067298
94.94	34.34	0.000402982067298
94.94	36.36	0.00100745516825
94.94	38.38	0.000604473100947
94.94	40.4	0.00100745516825
94.94	42.42	0.000201491033649
94.94	44.44	0.0
94.94	46.46	0.000201491033649
94.94	48.48	0.000805964134596
94.94	50.5	0.000604473100947
94.94	52.52	0.000201491033649
94.94	54.54	0.0
94.94	56.56	0.000805964134596
94.94	58.58	0.000402982067298
94.94	60.6	0.000805964134596
94.94	62.62	0.000604473100947
94.94	64.64	0.000604473100947
94.94	66.66	0.000805964134596
94.94	68.68	0.000402982067298
94.94	70.7	0.000402982067298
94.94	72.72	0.0
94.94	74.74	0.000604473100947
94.94	76.76	0.000805964134596
94.94	78.78	0.000604473100947
94.94	80.8	0.000402982067298
94.94	82.82	0.000402982067298
94.94	84.84	0.000402982067298
94.94	86.86	0.000201491033649
94.94	88.88	0.000201491033649
94.94	90.9	0.0
94.94	92.92	0.0
94.94	94.94	0.000402982067298
94.94	96.96	0.000201491033649
94.94	98.98	0.000201491033649
96.96	0.0	0.000402982067298
96.96	2.02	0.000604473100947
96.96	4.04	0.000201491033649
96.96	6.06	0.000201491033649
96.96	8.08	0.0
96.96	10.1	0.000402982067298
96.96	12.12	0.000402982067298
96.96	14.14	0.000402982067298
96.96	16.16	0.0
96.96	18.18	0.000201491033649
96.96	20.2	0.000402982067298
96.96	22.22	0.000604473100947
96.96	24.24	0.000201491033649
96.96	26.26	0.0
96.96	28.28	0.0
96.96	30.3	0.00100745516825
96.96	32.32	0.000604473100947
96.96	34.34	0.000604473100947
96.96	36.36	0.000604473100947
96.96	38.38	0.000201491033649
96.96	40.4	0.000402982067298
96.96	42.42	0.000201491033649
96.96	44.44	0.000604473100947
96.96	46.46	0.000402982067298
96.96	48.48	0.000402982067298
96.96	50.5	0.000402982067298
96.96	52.52	0.000402982067298
96.96	54.54	0.00100745516825
96.96	56.56	0.000201491033649
96.96	58.58	0.000201491033649
96.96	60.6	0.0
96.96	62.62	0.000604473100947
96.96	64.64	0.000201491033649
96.96	66.66	0.000604473100947
96.96	68.68	0.000402982067298
96.96	70.7	0.000402982067298
96.96	72.72	0.000201491033649
96.96	74.74	0.00120894620189
96.96	76.76	0.000604473100947
96.96	78.78	0.000402982067298
96.96	80.8	0.000201491033649
96.96	82.82	0.000805964134596
96.96	84.84	0.000402982067298
96.96	86.86	0.000604473100947
96.96	88.88	0.000201491033649
96.96	90.9	0.000604473100947
96.96	92.92	0.00120894620189
96.96	94.94	0.000201491033649
96.96	96.96	0.000805964134596
96.96	98.98	0.000201491033649
98.98	0.0	0.000402982067298
98.98	2.02	0.000604473100947
98.98	4.04	0.000402982067298
98.98	6.06	0.00100745516825
98.98	8.08	0.000201491033649
98.98	10.1	0.000402982067298
98.98	12.12	0.000402982067298
98.98	14.14	0.00120894620189
98.98	16.16	0.000604473100947
98.98	18.18	0.000402982067298
98.98	20.2	0.000402982067298
98.98	22.22	0.000201491033649
98.98	24.24	0.000604473100947
98.98	26.26	0.000201491033649
98.98	28.28	0.000201491033649
98.98	30.3	0.000201491033649
98.98	32.32	0.000201491033649
98.98	34.34	0.000604473100947
98.98	36.36	0.000201491033649
98.98	38.38	0.0
98.98	40.4	0.000201491033649
98.98	42.42	0.000201491033649
98.98	44.44	0.000402982067298
98.98	46.46	0.000604473100947
98.98	48.48	0.00100745516825
98.98	50.5	0.000201491033649
98.98	52.52	0.0
98.98	54.54	0.000201491033649
98.98	56.56	0.000201491033649
98.98	58.58	0.0
98.98	60.6	0.000604473100947
98.98	62.62	0.0
98.98	64.64	0.000201491033649
98.98	66.66	0.000604473100947
98.98	68.68	0.000201491033649
98.98	70.7	0.000201491033649
98.98	72.72	0.000402982067298
98.98	74.74	0.0
98.98	76.76	0.000604473100947
98.98	78.78	0.0
98.98	80.8	0.000805964134596
98.98	82.82	0.000604473100947
98.98	84.84	0.000201491033649
98.98	86.86	0.00100745516825
98.98	88.88	0.000604473100947
98.98	90.9	0.000201491033649
98.98	92.92	0.000805964134596
98.98	94.94	0.000201491033649
98.98	96.96	0.000201491033649
98.98	98.98	0.000604473100947
